1
// 4. 2 1 3
// 
// 
1
// 4. 2 1
// 3
//
1
// 4. 2      
// 3 1
//
1
// 4. 
// 3 1
// 2

// --1---
1
// 4. 
// 3 
// 2 1
2
// 4 3.
//
// 2 1

// --2---
2
// 4 3. 1
//
// 2
2
// 4 3. 1
// 2
//

// --3---
2
// 4 3.
// 2 1
//

// --1---
2
// 4 3.
// 2
// 1

// --2---
3
// 4 3 2.
//
// 1

// --3---
4
// 4 3 2 1.
//
//
finish


start:
2 3 1 5 4
0
0

2 3 1 5
4
0

2 3 1
4 
5

2 3 1
0
5 4

2 3 
1
5 4

2 
1
5 4 3

0
1
5 4 3 2

0
0
5 4 3 2 1
:finish

start:
5 7 6 1 3 2 4
0
0

5 7 6 1 3 2
4
0

5 7 6 1 3
4 
2

5 7 6 1
4 3
2

5 7 6
4 3
2 1

5 7 6
4 3 1
2

5 7 6
4 3 1